EDA Summary - Flight Delay Prediction
=====================================

Total flights analyzed: 336776
Average Departure Delay: 12.33 mins

Monthly Average Delays:
month
1      9.843023
2     10.270170
3     12.832108
4     13.609389
5     12.732949
6     20.101583
7     21.033679
8     12.402053
9      6.612280
10     6.192980
11     5.388917
12    15.972774

Hourly Average Delays:
hour
0.0     128.642452
1.0     207.049327
2.0     239.921875
3.0     304.727273
4.0      -5.554098
5.0      -4.355644
6.0      -1.520552
7.0       0.223289
8.0       1.091432
9.0       4.268295
10.0      5.548644
11.0      5.652309
12.0      7.601892
13.0      9.380639
14.0      8.090381
15.0     10.682049
16.0     13.621150
17.0     16.756593
18.0     18.664671
19.0     21.497342
20.0     28.266213
21.0     42.064964
22.0     68.190042
23.0     96.946865
24.0     64.862069

Weather Correlations with Departure Delay:
dep_delay     1.000000
temp          0.079353
precip        0.063551
visib        -0.112865
wind_speed    0.027402
